                 4.3                0.86            -1.86957            0.811321           -0.236264
                 0.3                0.06           -0.130435           0.0566038          -0.0164835
                 7.6                1.52            -3.30435             1.43396           -0.417582
                   0                   0                  -0                   0                  -0
                23.5                 4.7            -10.2174             4.43396            -1.29121
След матрицы:-0.235556



                   0                   0                  -0                  -0                   0
             0.93499             14.3824            -3.97561            -21.2609                 489
             1.23518                  19            -5.25203             -28.087                 646
             1.04398             16.0588            -4.43902            -23.7391                 546
            0.998088             15.3529             -4.2439            -22.6957                 522
След матрицы:507.391



                   0                  -0                  -0                  -0                  -0
             1.05324            -19.7826            -21.6667                 -91            -13.3824
             1.04861            -19.6957            -21.5714               -90.6            -13.3235
             1.01157                 -19            -20.8095               -87.4            -12.8529
              1.0787            -20.2609            -22.1905               -93.2            -13.7059
След матрицы:-142.46



               -59.5             5.28889            -18.3077                  17             1.01709
              -47.25                 4.2            -14.5385                13.5            0.807692
              -61.75             5.48889                 -19             17.6429             1.05556
                 -55             4.88889            -16.9231             15.7143            0.940171
                  -0                   0                  -0                   0                   0
След матрицы:-58.5857



                   0                  -0                   0                   0                  -0
             1.44444               -3.25              1.4717             1.44444                 -39
           0.0185185          -0.0416667           0.0188679           0.0185185                -0.5
                   0                  -0                   0                   0                  -0
             1.03704            -2.33333              1.0566             1.03704                 -28
След матрицы:-31.2311



                  -2            -1.06977                   2                  23                11.5
            -2.86957            -1.53488             2.86957                  33                16.5
                  -0                  -0                   0                   0                   0
           -0.913043           -0.488372            0.913043                10.5                5.25
           -0.826087            -0.44186            0.826087                 9.5                4.75
След матрицы:11.7151



                   1                   3                 0.5                 2.4                  -1
             1.66667                   5            0.833333                   4            -1.66667
                   0                   0                   0                   0                  -0
             1.58333                4.75            0.791667                 3.8            -1.58333
                   3                   9                 1.5                 7.2                  -3
След матрицы:6.8



            -7.14286             2.17391             1.16279                  10               -12.5
            -2.85714            0.869565            0.465116                   4                  -5
                  -0                   0                   0                   0                  -0
            -5.42857             1.65217            0.883721                 7.6                -9.5
            -6.71429             2.04348             1.09302                 9.4              -11.75
След матрицы:-10.4233



